-7.256190776824951172e+00 4.847486972808837891e+00 3.779564499855041504e-01 -7.788948059082031250e+00 -1.203761577606201172e+00 -6.319353580474853516e+00 1.522929430007934570e+00 1.059070229530334473e+00 7.208002805709838867e-01 -3.182692229747772217e-01 6.038640975952148438e+00 -1.750820398330688477e+00 5.254501342773437500e+00 -2.381485402584075928e-01 1.219523906707763672e+01 1.445733010768890381e-01
-7.220075607299804688e+00 4.519862174987792969e+00 4.318394362926483154e-01 -7.406217098236083984e+00 -1.269550204277038574e+00 -5.818780899047851562e+00 1.439555764198303223e+00 7.935706377029418945e-01 8.600373864173889160e-01 -5.512583255767822266e-01 6.165113449096679688e+00 -1.689671754837036133e+00 4.750580310821533203e+00 -2.573017776012420654e-02 1.154786396026611328e+01 1.843596249818801880e-02
-8.646810531616210938e+00 5.916124820709228516e+00 3.889535069465637207e-01 -9.444526672363281250e+00 -1.670132637023925781e+00 -7.732412338256835938e+00 1.604466676712036133e+00 1.202995300292968750e+00 9.407631158828735352e-01 -3.910243511199951172e-01 6.387778759002685547e+00 -2.133222579956054688e+00 5.927320480346679688e+00 -5.680186152458190918e-01 1.459867382049560547e+01 -5.385471507906913757e-02
-1.028977108001708984e+01 6.893399238586425781e+00 6.128785610198974609e-01 -1.074502849578857422e+01 -1.672819018363952637e+00 -8.725443840026855469e+00 1.920289993286132812e+00 1.513719677925109863e+00 5.842975974082946777e-01 -6.570128798484802246e-01 7.221557140350341797e+00 -2.034991025924682617e+00 6.290328502655029297e+00 -3.734614849090576172e-01 1.635535812377929688e+01 -1.059599816799163818e-01
-1.051604843139648438e+01 6.533208847045898438e+00 5.457816123962402344e-01 -1.056236743927001953e+01 -1.449901223182678223e+00 -8.465873718261718750e+00 1.763334870338439941e+00 1.498313188552856445e+00 1.267018020153045654e-01 -7.094889879226684570e-01 7.841253280639648438e+00 -1.775500059127807617e+00 5.949554920196533203e+00 -2.737236618995666504e-01 1.596137332916259766e+01 -2.757347747683525085e-02
-6.460397243499755859e+00 4.579697132110595703e+00 2.544475495815277100e-01 -7.374471187591552734e+00 -1.278351306915283203e+00 -6.201663017272949219e+00 1.225426554679870605e+00 9.303833246231079102e-01 9.304098486900329590e-01 1.423766314983367920e-01 5.445238590240478516e+00 -1.932702064514160156e+00 5.340039253234863281e+00 -5.960161685943603516e-01 1.179026889801025391e+01 3.817334398627281189e-02
2.184960842132568359e+00 8.235188126564025879e-01 -3.724066615104675293e-01 -1.139104008674621582e+00 2.118918113410472870e-02 -1.248042345046997070e+00 3.700249269604682922e-02 4.970138072967529297e-01 5.196554660797119141e-01 2.997728109359741211e+00 -1.035790324211120605e+00 -9.136319160461425781e-01 2.650885581970214844e+00 -1.683928251266479492e+00 2.700330257415771484e+00 5.656582117080688477e-01
7.690485119819641113e-01 1.185909509658813477e+00 -1.780781596899032593e-01 -1.775771737098693848e+00 -1.412554979324340820e-01 -1.914439439773559570e+00 4.401284158229827881e-01 2.812302410602569580e-01 9.463452100753784180e-01 2.437044858932495117e+00 -5.472289323806762695e-01 -1.405969262123107910e+00 2.716377973556518555e+00 -1.313603758811950684e+00 3.514143228530883789e+00 4.718348085880279541e-01
2.106019258499145508e+00 1.085716724395751953e+00 -2.020179629325866699e-01 -1.289655685424804688e+00 1.173280179500579834e-02 -1.368623256683349609e+00 1.849138140678405762e-01 1.150748431682586670e-01 1.059820652008056641e+00 2.597350835800170898e+00 -1.292542457580566406e+00 -1.238805532455444336e+00 2.727709531784057617e+00 -1.618158698081970215e+00 2.762749195098876953e+00 5.657404065132141113e-01
2.711933612823486328e+00 1.087820410728454590e+00 -5.554676651954650879e-01 -1.094778060913085938e+00 5.403024554252624512e-01 -1.928414106369018555e+00 5.003726482391357422e-01 9.637055993080139160e-01 6.025458574295043945e-01 3.247467994689941406e+00 -2.019757986068725586e+00 -1.207139968872070312e+00 3.401960134506225586e+00 -2.180466175079345703e+00 3.195159673690795898e+00 1.081750869750976562e+00
2.543318033218383789e+00 1.068229079246520996e+00 -2.357023358345031738e-01 -1.376243114471435547e+00 2.919977009296417236e-01 -1.232471585273742676e+00 4.253023266792297363e-01 8.047355413436889648e-01 4.268307089805603027e-01 3.417606115341186523e+00 -1.413805961608886719e+00 -8.098236918449401855e-01 2.853398323059082031e+00 -1.803314924240112305e+00 3.094993591308593750e+00 7.538465857505798340e-01
2.607275962829589844e+00 1.005868673324584961e+00 -2.737082839012145996e-01 -1.457379817962646484e+00 3.774996995925903320e-01 -1.640577316284179688e+00 5.576055049896240234e-01 1.220318436622619629e+00 3.848015069961547852e-01 3.540911436080932617e+00 -1.460757493972778320e+00 -8.057014942169189453e-01 3.252877950668334961e+00 -1.944383502006530762e+00 3.409127235412597656e+00 8.266889452934265137e-01
3.463956356048583984e+00 1.196268677711486816e+00 -6.948778629302978516e-01 -1.187893748283386230e+00 8.202972412109375000e-01 -2.926501512527465820e+00 1.054980278015136719e+00 1.924229145050048828e+00 4.073336422443389893e-01 3.891682863235473633e+00 -2.363161087036132812e+00 -1.437844395637512207e+00 4.841450214385986328e+00 -3.050557613372802734e+00 4.277735233306884766e+00 1.690412402153015137e+00
2.660306453704833984e+00 1.253867626190185547e+00 -1.712888777256011963e-01 -1.598536014556884766e+00 4.092752933502197266e-01 -1.117093920707702637e+00 4.987355470657348633e-01 8.308011889457702637e-01 5.509568452835083008e-01 3.674170255661010742e+00 -1.701200246810913086e+00 -7.339257001876831055e-01 2.790385961532592773e+00 -1.789099216461181641e+00 3.353726387023925781e+00 6.924673914909362793e-01
3.460700511932373047e-01 1.029734849929809570e+00 -4.281438887119293213e-02 -1.634629845619201660e+00 -5.891768336296081543e-01 -1.644808888435363770e+00 3.343620002269744873e-01 4.615763202309608459e-02 1.546549797058105469e+00 1.604383826255798340e+00 -4.730539321899414062e-01 -1.483196616172790527e+00 2.133843660354614258e+00 -1.042062997817993164e+00 3.054118394851684570e+00 -6.400407105684280396e-02
1.138582229614257812e+00 1.202467322349548340e+00 -1.492994278669357300e-01 -1.598746776580810547e+00 -3.701914548873901367e-01 -1.522257804870605469e+00 2.755940854549407959e-01 1.479565799236297607e-01 1.310927629470825195e+00 2.432264804840087891e+00 -1.060933947563171387e+00 -1.237950921058654785e+00 2.512441396713256836e+00 -1.134185433387756348e+00 3.251527786254882812e+00 -4.899559542536735535e-02
2.251665294170379639e-01 1.277799844741821289e+00 -3.548494726419448853e-02 -1.925383448600769043e+00 -8.073417544364929199e-01 -1.925111532211303711e+00 4.202946424484252930e-01 -2.869510054588317871e-01 1.815994858741760254e+00 1.505135893821716309e+00 -3.832272887229919434e-01 -1.721146225929260254e+00 2.434836626052856445e+00 -9.663342237472534180e-01 3.450424909591674805e+00 -8.282120525836944580e-02
2.069028913974761963e-01 1.324738383293151855e+00 -1.122907474637031555e-01 -1.926505208015441895e+00 -6.497455835342407227e-01 -1.894591569900512695e+00 4.464315176010131836e-01 -1.751789078116416931e-02 1.473437666893005371e+00 1.585795521736145020e+00 -1.666398048400878906e-01 -1.493585824966430664e+00 2.431298971176147461e+00 -8.972889184951782227e-01 3.560922145843505859e+00 1.886589527130126953e-01
2.571374416351318359e+00 1.740778803825378418e+00 -1.500853747129440308e-01 -2.230821609497070312e+00 -1.934934854507446289e-01 -1.850207686424255371e+00 4.946933984756469727e-01 5.996609330177307129e-01 1.568884015083312988e+00 3.707618951797485352e+00 -1.697393894195556641e+00 -1.690708398818969727e+00 3.772277593612670898e+00 -2.151175737380981445e+00 4.327124595642089844e+00 6.071635484695434570e-01
2.312173128128051758e+00 1.271281957626342773e+00 -1.359925031661987305e+00 -1.595729589462280273e+00 2.960765361785888672e-01 -2.411391258239746094e+00 -6.285298615694046021e-02 1.703631162643432617e+00 1.514983177185058594e-01 4.118548393249511719e+00 -1.640990823507308960e-01 -5.821024775505065918e-01 4.656597614288330078e+00 -2.063296794891357422e+00 5.034276008605957031e+00 1.140470027923583984e+00
2.337211132049560547e+00 1.114893555641174316e+00 -6.639483571052551270e-01 -1.528024435043334961e+00 3.446276783943176270e-01 -1.816760778427124023e+00 3.920580744743347168e-01 1.446345090866088867e+00 1.787566542625427246e-01 3.638643503189086914e+00 -7.203202843666076660e-01 -6.699486374855041504e-01 3.754898786544799805e+00 -1.825599908828735352e+00 4.043757438659667969e+00 1.073446154594421387e+00
2.498899698257446289e+00 1.184204578399658203e+00 -5.393859744071960449e-01 -1.479400992393493652e+00 1.482484638690948486e-01 -1.433675765991210938e+00 2.536213994026184082e-01 1.088586807250976562e+00 2.404005229473114014e-01 3.738159894943237305e+00 -9.163644313812255859e-01 -6.647570729255676270e-01 3.320757865905761719e+00 -1.858275294303894043e+00 3.712600231170654297e+00 8.811341524124145508e-01
-1.999285221099853516e+00 2.974214076995849609e+00 2.999451458454132080e-01 -4.216254711151123047e+00 -5.976624488830566406e-01 -3.696038961410522461e+00 1.092565894126892090e+00 6.484811305999755859e-01 1.115257740020751953e+00 1.003554582595825195e+00 7.637288570404052734e-01 -1.761440157890319824e+00 3.565976142883300781e+00 -8.138314485549926758e-01 6.862099647521972656e+00 4.089652299880981445e-01
2.773864746093750000e+00 1.778051376342773438e+00 -1.272286176681518555e+00 -2.523291110992431641e+00 6.688084602355957031e-01 -5.389117240905761719e+00 6.712810397148132324e-01 2.203016757965087891e+00 1.220719218254089355e+00 4.338847637176513672e+00 -2.035691022872924805e+00 -2.308785676956176758e+00 6.827519893646240234e+00 -3.509282588958740234e+00 7.080961704254150391e+00 1.706933617591857910e+00
2.712844133377075195e+00 1.877478241920471191e+00 -4.101292490959167480e-01 -2.505975484848022461e+00 8.169026672840118408e-02 -3.447636604309082031e+00 8.567834496498107910e-01 1.306542754173278809e+00 1.572046160697937012e+00 3.657047271728515625e+00 -2.192475557327270508e+00 -2.217133045196533203e+00 5.028008937835693359e+00 -2.900944709777832031e+00 5.636949062347412109e+00 1.109479784965515137e+00
1.066366553306579590e+00 2.139940261840820312e+00 -5.511863827705383301e-01 -3.246396064758300781e+00 -1.493205726146697998e-01 -4.217622280120849609e+00 7.612642645835876465e-01 1.656218171119689941e+00 1.133888840675354004e+00 3.143418550491333008e+00 -3.508588075637817383e-01 -1.982756137847900391e+00 5.527317523956298828e+00 -2.353967189788818359e+00 7.079137325286865234e+00 1.103759765625000000e+00
1.061161279678344727e+00 1.366390943527221680e+00 -1.514957904815673828e+00 -2.129378080368041992e+00 -2.556093037128448486e-02 -3.780857324600219727e+00 3.033275604248046875e-01 2.195525884628295898e+00 5.500227212905883789e-01 3.736038684844970703e+00 1.012458205223083496e+00 -1.062293171882629395e+00 5.487405776977539062e+00 -2.373010158538818359e+00 6.605454921722412109e+00 1.161921620368957520e+00
5.361898541450500488e-01 6.922759413719177246e-01 -2.122413873672485352e+00 -1.178800702095031738e+00 -1.496581733226776123e-02 -3.190345287322998047e+00 -3.474789559841156006e-01 2.825104475021362305e+00 -4.172353744506835938e-01 2.603845357894897461e+00 1.817451238632202148e+00 2.135106921195983887e-02 4.583117485046386719e+00 -1.817762255668640137e+00 5.465768814086914062e+00 9.812463521957397461e-01
-2.895043373107910156e+00 1.833016753196716309e+00 2.987136244773864746e-01 -3.424821853637695312e+00 -9.098839163780212402e-01 -2.737133979797363281e+00 8.771864175796508789e-01 6.241934299468994141e-01 1.073009967803955078e+00 -7.742307335138320923e-02 2.969829082489013672e+00 -1.340437054634094238e+00 2.426230669021606445e+00 -1.744780242443084717e-01 5.641661643981933594e+00 -1.022609099745750427e-01
-2.910639524459838867e+00 1.519376277923583984e+00 1.501987874507904053e-02 -3.463974714279174805e+00 -1.208448529243469238e+00 -2.703397274017333984e+00 7.598060369491577148e-01 6.065570712089538574e-01 1.059889793395996094e+00 -3.294746279716491699e-01 3.645837306976318359e+00 -1.304338812828063965e+00 2.589059829711914062e+00 -3.524167239665985107e-01 5.775401592254638672e+00 1.498529314994812012e-02
-1.208159446716308594e+00 2.589792490005493164e+00 -2.760413885116577148e-01 -3.980226755142211914e+00 -6.546079516410827637e-01 -4.197060108184814453e+00 5.293524265289306641e-01 1.136433720588684082e+00 9.689781069755554199e-01 1.341086030006408691e+00 1.678099036216735840e+00 -1.800108313560485840e+00 4.813202381134033203e+00 -1.486303329467773438e+00 7.621041774749755859e+00 4.187700450420379639e-01
-1.301749229431152344e+00 2.572085618972778320e+00 -1.441458463668823242e-01 -3.666573524475097656e+00 -8.541438579559326172e-01 -3.627955198287963867e+00 5.708445906639099121e-01 4.810807406902313232e-01 1.278054833412170410e+00 1.890060424804687500e+00 1.655882120132446289e+00 -1.825325369834899902e+00 4.301421642303466797e+00 -1.471020936965942383e+00 6.967434883117675781e+00 7.609558850526809692e-02
1.430366277694702148e+00 2.235274553298950195e+00 -1.069502472877502441e+00 -3.162996768951416016e+00 -4.179012775421142578e-02 -4.541402339935302734e+00 3.367953896522521973e-01 1.498115420341491699e+00 1.196449637413024902e+00 3.766164302825927734e+00 1.597608774900436401e-01 -2.026411771774291992e+00 6.452220916748046875e+00 -2.704873323440551758e+00 7.771234512329101562e+00 8.872858285903930664e-01
-2.717560768127441406e+00 1.956951022148132324e+00 3.805108666419982910e-01 -3.413797616958618164e+00 -9.780561327934265137e-01 -2.529925584793090820e+00 7.220885753631591797e-01 1.775526553392410278e-01 1.030147433280944824e+00 2.237538546323776245e-01 2.555446863174438477e+00 -1.455201745033264160e+00 2.310333251953125000e+00 -1.410344243049621582e-01 5.311723709106445312e+00 -2.895465791225433350e-01
1.230287075042724609e+00 5.650530457496643066e-01 -2.546591997146606445e+00 -1.780810356140136719e-01 3.451033234596252441e-01 -3.572704792022705078e+00 -3.064853847026824951e-01 2.956598758697509766e+00 -1.400079250335693359e+00 2.439960241317749023e+00 1.590234994888305664e+00 3.301188945770263672e-01 5.443207263946533203e+00 -2.146855115890502930e+00 4.960009098052978516e+00 1.673398852348327637e+00
9.577263593673706055e-01 7.391194701194763184e-01 -2.325793027877807617e+00 -3.668789565563201904e-01 2.494972050189971924e-01 -2.760247468948364258e+00 -4.191444814205169678e-01 2.778194665908813477e+00 -1.599110722541809082e+00 2.557598352432250977e+00 2.164380073547363281e+00 8.278210163116455078e-01 4.941148281097412109e+00 -1.706904292106628418e+00 4.889538764953613281e+00 1.362589955329895020e+00
1.808012247085571289e+00 7.286796569824218750e-01 -2.150197982788085938e+00 -7.062863111495971680e-01 4.811205863952636719e-01 -3.235463380813598633e+00 -5.234906673431396484e-01 2.745367765426635742e+00 -1.140981912612915039e+00 3.392655849456787109e+00 1.195342302322387695e+00 3.093942701816558838e-01 5.332489967346191406e+00 -2.302192687988281250e+00 5.346064567565917969e+00 1.285901904106140137e+00
7.797684073448181152e-01 7.134724259376525879e-01 -1.808561563491821289e+00 -7.155345678329467773e-01 2.943347096443176270e-01 -3.010225296020507812e+00 -1.548028588294982910e-01 2.422356843948364258e+00 -1.017377018928527832e+00 2.471031665802001953e+00 1.585376620292663574e+00 8.674448728561401367e-02 4.666864395141601562e+00 -1.627629160881042480e+00 4.751509189605712891e+00 1.335230231285095215e+00
-1.774094223976135254e+00 1.676851511001586914e+00 2.933174967765808105e-01 -2.902675867080688477e+00 -7.115365862846374512e-01 -2.178695440292358398e+00 5.789469480514526367e-01 -1.664886176586151123e-01 1.060551166534423828e+00 4.445645809173583984e-01 2.358578443527221680e+00 -1.588919401168823242e+00 2.867696523666381836e+00 3.487737476825714111e-02 4.680793285369873047e+00 1.131744533777236938e-01
-3.502667427062988281e+00 2.766021490097045898e+00 3.377785682678222656e-01 -4.397404193878173828e+00 -7.132014036178588867e-01 -3.499885082244873047e+00 9.008283615112304688e-01 6.475164890289306641e-01 6.103460192680358887e-01 4.367716908454895020e-01 3.315823078155517578e+00 -1.377248287200927734e+00 3.566847801208496094e+00 2.060268074274063110e-01 7.158633708953857422e+00 3.029159009456634521e-01
-2.373095512390136719e+00 2.168712854385375977e+00 3.736048340797424316e-01 -3.558476686477661133e+00 -6.397628188133239746e-01 -2.620924234390258789e+00 7.899755835533142090e-01 -7.912594079971313477e-02 1.147341370582580566e+00 3.731328845024108887e-01 2.451308250427246094e+00 -1.669321298599243164e+00 3.019449710845947266e+00 1.240821033716201782e-01 5.527070045471191406e+00 2.152591198682785034e-01
-3.696861565113067627e-01 1.155882000923156738e+00 -4.189617037773132324e-01 -1.998419761657714844e+00 -1.599944829940795898e-01 -1.806791305541992188e+00 1.807168722152709961e-01 8.547708392143249512e-02 7.263998985290527344e-01 1.072170615196228027e+00 1.618956208229064941e+00 -1.125921487808227539e+00 3.137410163879394531e+00 -5.015099048614501953e-01 3.927562236785888672e+00 3.905097246170043945e-01
4.144439697265625000e-01 3.042391836643218994e-01 -2.420804738998413086e+00 -2.645281851291656494e-01 1.403373181819915771e-01 -3.013276100158691406e+00 -3.806754946708679199e-01 2.639330625534057617e+00 -1.233954668045043945e+00 1.961896538734436035e+00 2.885604858398437500e+00 7.418310642242431641e-01 4.921289443969726562e+00 -1.499392509460449219e+00 5.015055179595947266e+00 1.482659816741943359e+00
2.994148433208465576e-01 4.147902727127075195e-01 -2.381275177001953125e+00 -3.504199385643005371e-01 2.479806840419769287e-01 -2.819615364074707031e+00 -4.228281378746032715e-01 2.356717348098754883e+00 -1.073568344116210938e+00 1.593461155891418457e+00 2.982714176177978516e+00 6.627018451690673828e-01 4.857038497924804688e+00 -1.175603389739990234e+00 4.732084274291992188e+00 1.638810753822326660e+00
-2.992757558822631836e+00 1.970918416976928711e+00 2.792548835277557373e-01 -3.675991296768188477e+00 -1.173703670501708984e+00 -2.563475370407104492e+00 1.078126549720764160e+00 2.635772228240966797e-01 1.044570088386535645e+00 -4.731746315956115723e-01 3.286613464355468750e+00 -1.436879277229309082e+00 2.561726093292236328e+00 -9.631291031837463379e-02 5.814409255981445312e+00 3.154507577419281006e-01
-4.776868343353271484e+00 2.772511959075927734e+00 -4.320501685142517090e-01 -4.709507465362548828e+00 -1.015482306480407715e+00 -4.018905162811279297e+00 1.020112276077270508e+00 1.101360201835632324e+00 2.457805126905441284e-01 -7.723920345306396484e-01 5.150474548339843750e+00 -8.257392644882202148e-01 3.787230014801025391e+00 1.531326919794082642e-01 8.273004531860351562e+00 7.065877318382263184e-01
4.584187030792236328e+00 3.989704132080078125e+00 -1.151791191101074219e+01 4.204538345336914062e+00 -1.392327904701232910e+00 -5.711977481842041016e+00 -2.172772645950317383e+00 -1.883632302284240723e+00 5.497469902038574219e+00 9.328572273254394531e+00 -4.656828880310058594e+00 -1.915789246559143066e+00 5.843179702758789062e+00 -7.703892230987548828e+00 8.676061630249023438e+00 -2.922610282897949219e+00
4.333669662475585938e+00 3.322360038757324219e+00 -1.008708572387695312e+01 3.332204818725585938e+00 -7.518375515937805176e-01 -4.945502758026123047e+00 -1.866425871849060059e+00 -2.032727241516113281e+00 5.336198806762695312e+00 7.874423027038574219e+00 -4.677048206329345703e+00 -2.163197994232177734e+00 4.942159175872802734e+00 -5.935778141021728516e+00 7.509683132171630859e+00 -2.244394302368164062e+00
4.125747680664062500e+00 3.380344152450561523e+00 -9.805774688720703125e+00 3.481305599212646484e+00 -6.929415464401245117e-01 -5.022215843200683594e+00 -1.813027024269104004e+00 -1.801231622695922852e+00 5.039749145507812500e+00 7.671151638031005859e+00 -4.391423225402832031e+00 -2.093215942382812500e+00 5.179595470428466797e+00 -5.988989830017089844e+00 7.441791057586669922e+00 -2.155509233474731445e+00
3.638982772827148438e+00 3.169658899307250977e+00 -9.242110252380371094e+00 3.082118034362792969e+00 -1.041457653045654297e+00 -4.396523475646972656e+00 -1.734598636627197266e+00 -1.899113774299621582e+00 4.962619781494140625e+00 7.011806011199951172e+00 -3.979319572448730469e+00 -1.875518918037414551e+00 4.274892807006835938e+00 -5.240525722503662109e+00 6.801643848419189453e+00 -2.172403812408447266e+00
3.214285850524902344e+00 2.479430437088012695e+00 -6.336915969848632812e+00 2.786448717117309570e+00 -5.405835509300231934e-01 -3.475352048873901367e+00 -2.539186716079711914e+00 -1.087938427925109863e+00 3.413800001144409180e+00 5.279226303100585938e+00 -3.237454414367675781e+00 -1.879854559898376465e+00 3.701406955718994141e+00 -3.129558563232421875e+00 5.366992950439453125e+00 -2.169737100601196289e+00
2.972127199172973633e+00 2.450136661529541016e+00 -6.768703460693359375e+00 2.675989389419555664e+00 -5.452148318290710449e-01 -3.215992212295532227e+00 -2.169274568557739258e+00 -1.211654782295227051e+00 3.635738372802734375e+00 5.170782089233398438e+00 -3.215161085128784180e+00 -1.621058464050292969e+00 3.326158046722412109e+00 -3.153580427169799805e+00 5.332401275634765625e+00 -2.090309381484985352e+00
2.852139234542846680e+00 2.602728605270385742e+00 -7.638822555541992188e+00 2.557668209075927734e+00 -4.209064245223999023e-01 -3.752457380294799805e+00 -1.922248721122741699e+00 -1.781777262687683105e+00 4.048923969268798828e+00 5.642838478088378906e+00 -3.013887405395507812e+00 -1.587549567222595215e+00 3.382010221481323242e+00 -4.135312557220458984e+00 5.877151489257812500e+00 -2.137171030044555664e+00
2.811255931854248047e+00 2.508162975311279297e+00 -6.675811767578125000e+00 2.728924751281738281e+00 -2.598748207092285156e-01 -3.039236783981323242e+00 -2.087065696716308594e+00 -1.361449003219604492e+00 3.476658821105957031e+00 5.323096752166748047e+00 -3.194664716720581055e+00 -1.710505008697509766e+00 3.331592559814453125e+00 -3.251829862594604492e+00 4.947464942932128906e+00 -1.847576379776000977e+00
3.704730987548828125e+00 3.358084678649902344e+00 -9.909198760986328125e+00 3.586822032928466797e+00 -5.559148788452148438e-01 -5.279184818267822266e+00 -2.960761070251464844e+00 -1.723423242568969727e+00 4.680888652801513672e+00 7.917855262756347656e+00 -4.111213684082031250e+00 -2.142347574234008789e+00 5.187757015228271484e+00 -5.875218868255615234e+00 7.886939048767089844e+00 -3.091659784317016602e+00
3.685028076171875000e+00 2.877138614654541016e+00 -8.376896858215332031e+00 3.126124382019042969e+00 -4.074680209159851074e-01 -4.092317581176757812e+00 -2.280660867691040039e+00 -1.534448146820068359e+00 4.207883358001708984e+00 6.553549766540527344e+00 -3.947974681854248047e+00 -1.934226036071777344e+00 4.245988845825195312e+00 -4.594655036926269531e+00 6.424276351928710938e+00 -2.371862411499023438e+00
4.693206787109375000e+00 4.405959606170654297e+00 -1.233372211456298828e+01 4.447021007537841797e+00 -1.395808458328247070e+00 -6.309483051300048828e+00 -2.186536550521850586e+00 -2.079458236694335938e+00 5.749966621398925781e+00 1.033355045318603516e+01 -4.425804138183593750e+00 -1.906702876091003418e+00 6.553443908691406250e+00 -8.818395614624023438e+00 9.563123703002929688e+00 -3.034547090530395508e+00
3.909785985946655273e+00 3.418186664581298828e+00 -8.721592903137207031e+00 3.792689323425292969e+00 -7.936640977859497070e-01 -4.443102359771728516e+00 -2.843587636947631836e+00 -1.463004946708679199e+00 4.425341606140136719e+00 7.241029739379882812e+00 -3.872558116912841797e+00 -2.144815206527709961e+00 4.967816829681396484e+00 -4.998529911041259766e+00 6.997970104217529297e+00 -2.763192176818847656e+00
3.590391397476196289e+00 2.929317712783813477e+00 -7.969466209411621094e+00 3.592486858367919922e+00 -7.985891103744506836e-01 -4.194513320922851562e+00 -2.509171724319458008e+00 -1.215484619140625000e+00 3.945975780487060547e+00 6.734279155731201172e+00 -4.006189346313476562e+00 -2.058322668075561523e+00 4.492247581481933594e+00 -4.646887779235839844e+00 5.983137130737304688e+00 -2.440807819366455078e+00
3.767645597457885742e+00 3.363689422607421875e+00 -9.227540016174316406e+00 3.674725055694580078e+00 -5.968672633171081543e-01 -4.591623783111572266e+00 -2.937675237655639648e+00 -1.744404673576354980e+00 4.622132301330566406e+00 7.276119232177734375e+00 -4.105423927307128906e+00 -2.166592597961425781e+00 4.765500068664550781e+00 -5.005613327026367188e+00 7.135146617889404297e+00 -2.913870096206665039e+00
3.381027698516845703e+00 2.843693256378173828e+00 -7.825819969177246094e+00 3.238850831985473633e+00 -7.055730819702148438e-01 -3.945537567138671875e+00 -2.289148569107055664e+00 -1.418091535568237305e+00 3.877804756164550781e+00 6.352083683013916016e+00 -3.675908565521240234e+00 -1.925313115119934082e+00 4.142318248748779297e+00 -4.479172706604003906e+00 5.787235736846923828e+00 -2.275928735733032227e+00
3.286043405532836914e+00 2.613096475601196289e+00 -6.728219509124755859e+00 3.307128667831420898e+00 -5.123478770256042480e-01 -3.541441202163696289e+00 -2.649446964263916016e+00 -9.537071585655212402e-01 3.313492774963378906e+00 5.781322002410888672e+00 -3.587049722671508789e+00 -1.976021170616149902e+00 3.918437004089355469e+00 -3.488735437393188477e+00 5.272035598754882812e+00 -2.374579429626464844e+00
1.160318493843078613e+00 1.623422980308532715e+00 -1.346136665344238281e+01 6.144945621490478516e-01 1.447323322296142578e+00 -1.011863327026367188e+01 -9.667682051658630371e-01 -2.717007160186767578e+00 4.313059329986572266e+00 1.098639774322509766e+01 -9.492720365524291992e-01 -4.286692738533020020e-01 7.310284137725830078e+00 -1.192461872100830078e+01 1.317898559570312500e+01 -2.398212432861328125e+00
5.421610474586486816e-01 1.038576364517211914e+00 -1.204040336608886719e+01 6.475292146205902100e-02 1.877214789390563965e+00 -9.216948509216308594e+00 -1.100834488868713379e+00 -2.360124111175537109e+00 3.664273738861083984e+00 9.503015518188476562e+00 -6.972914338111877441e-01 -2.351123243570327759e-01 6.345107078552246094e+00 -1.048114776611328125e+01 1.191677474975585938e+01 -2.426993370056152344e+00
9.810157418251037598e-01 1.969027161598205566e+00 -1.384205150604248047e+01 1.062754392623901367e+00 1.297908067703247070e+00 -9.928750991821289062e+00 -1.035035014152526855e+00 -2.597684621810913086e+00 4.254704952239990234e+00 1.124656677246093750e+01 -7.482780814170837402e-01 -8.457210659980773926e-02 7.337364673614501953e+00 -1.220687007904052734e+01 1.331464385986328125e+01 -2.585841417312622070e+00
3.534391403198242188e+00 3.608726501464843750e+00 -1.643794631958007812e+01 3.027237415313720703e+00 3.841456025838851929e-02 -1.020561695098876953e+01 -1.636009216308593750e+00 -3.104059934616088867e+00 6.391798019409179688e+00 1.320271396636962891e+01 -3.192219257354736328e+00 -1.228073954582214355e+00 8.577777862548828125e+00 -1.301838397979736328e+01 1.429143905639648438e+01 -3.148703336715698242e+00
2.503693342208862305e+00 2.636622190475463867e+00 -1.480924129486083984e+01 1.905244231224060059e+00 9.849827885627746582e-01 -9.646912574768066406e+00 -1.580099344253540039e+00 -2.656862735748291016e+00 5.344071388244628906e+00 1.182797145843505859e+01 -2.509065628051757812e+00 -8.443650007247924805e-01 7.661051273345947266e+00 -1.171211338043212891e+01 1.349158096313476562e+01 -2.907415866851806641e+00
1.016830205917358398e+00 1.281794190406799316e+00 -1.292651176452636719e+01 3.691066801548004150e-01 1.831833124160766602e+00 -9.890506744384765625e+00 -1.257156491279602051e+00 -2.640102386474609375e+00 4.043444156646728516e+00 1.032785892486572266e+01 -9.167131185531616211e-01 -4.988663494586944580e-01 7.016498088836669922e+00 -1.112975692749023438e+01 1.282164764404296875e+01 -2.399446725845336914e+00
-2.556052803993225098e-01 3.220429122447967529e-01 -1.199829101562500000e+01 -6.611428260803222656e-01 2.685413122177124023e+00 -9.781538009643554688e+00 -1.296504497528076172e+00 -2.411244630813598633e+00 3.291744232177734375e+00 9.212809562683105469e+00 -4.431288838386535645e-01 -2.273904383182525635e-01 6.332979679107666016e+00 -1.000629425048828125e+01 1.234676647186279297e+01 -2.223926067352294922e+00
-2.556052803993225098e-01 3.220429122447967529e-01 -1.199829101562500000e+01 -6.611428260803222656e-01 2.685413122177124023e+00 -9.781538009643554688e+00 -1.296504497528076172e+00 -2.411244630813598633e+00 3.291744232177734375e+00 9.212809562683105469e+00 -4.431288838386535645e-01 -2.273904383182525635e-01 6.332979679107666016e+00 -1.000629425048828125e+01 1.234676647186279297e+01 -2.223926067352294922e+00
-2.556052803993225098e-01 3.220429122447967529e-01 -1.199829101562500000e+01 -6.611428260803222656e-01 2.685413122177124023e+00 -9.781538009643554688e+00 -1.296504497528076172e+00 -2.411244630813598633e+00 3.291744232177734375e+00 9.212809562683105469e+00 -4.431288838386535645e-01 -2.273904383182525635e-01 6.332979679107666016e+00 -1.000629425048828125e+01 1.234676647186279297e+01 -2.223926067352294922e+00
1.701450049877166748e-01 7.639689445495605469e-01 -1.252523612976074219e+01 -1.434655487537384033e-01 2.462289810180664062e+00 -9.573906898498535156e+00 -1.570256948471069336e+00 -2.410443067550659180e+00 3.548588275909423828e+00 9.764365196228027344e+00 -1.011161088943481445e+00 -2.705353498458862305e-01 6.575839996337890625e+00 -1.020793724060058594e+01 1.248500156402587891e+01 -2.443378448486328125e+00
4.000641405582427979e-01 7.971037626266479492e-01 -1.261246109008789062e+01 1.489143073558807373e-02 2.149498224258422852e+00 -9.812093734741210938e+00 -1.109262943267822266e+00 -2.631493091583251953e+00 3.772029399871826172e+00 9.714559555053710938e+00 -6.792427301406860352e-01 -3.297095000743865967e-01 6.757760524749755859e+00 -1.055135822296142578e+01 1.253024864196777344e+01 -2.204736709594726562e+00
-1.087318062782287598e-01 3.752764463424682617e-01 -1.144043159484863281e+01 -5.734755992889404297e-01 2.501632452011108398e+00 -9.206983566284179688e+00 -1.197313547134399414e+00 -2.358726024627685547e+00 3.210249662399291992e+00 8.772911071777343750e+00 -5.259154438972473145e-01 -2.329280525445938110e-01 6.008010864257812500e+00 -9.511372566223144531e+00 1.168877029418945312e+01 -2.130614519119262695e+00
3.591202259063720703e+00 3.061413764953613281e+00 -1.049608707427978516e+01 2.735228776931762695e+00 -1.042152762413024902e+00 -5.714272022247314453e+00 -2.576519846916198730e-01 -2.083124399185180664e+00 4.441165447235107422e+00 8.805588722229003906e+00 -2.609170675277709961e+00 -5.616328716278076172e-01 5.357784748077392578e+00 -9.374166488647460938e+00 8.318746566772460938e+00 -1.892681837081909180e+00
2.973996877670288086e+00 2.582149267196655273e+00 -9.988764762878417969e+00 2.256594181060791016e+00 -8.606848716735839844e-01 -5.921370506286621094e+00 -1.119992882013320923e-02 -2.244604825973510742e+00 4.286593437194824219e+00 8.167941093444824219e+00 -1.966595172882080078e+00 -6.334513425827026367e-01 5.114186763763427734e+00 -8.846362113952636719e+00 8.128392219543457031e+00 -1.699324488639831543e+00
3.413905620574951172e+00 3.317902565002441406e+00 -1.101344680786132812e+01 2.918605327606201172e+00 -1.110731959342956543e+00 -5.952605247497558594e+00 -6.437133550643920898e-01 -1.959501862525939941e+00 4.608300685882568359e+00 9.219929695129394531e+00 -2.694064140319824219e+00 -6.329317688941955566e-01 5.521386623382568359e+00 -9.548425674438476562e+00 8.731249809265136719e+00 -2.194171905517578125e+00
3.729649066925048828e+00 2.965587854385375977e+00 -1.097527503967285156e+01 2.669513463973999023e+00 -1.002263784408569336e+00 -5.955064296722412109e+00 -3.782294988632202148e-01 -2.293595790863037109e+00 5.063002586364746094e+00 8.724401473999023438e+00 -3.605763435363769531e+00 -1.233694911003112793e+00 5.451496124267578125e+00 -8.457632064819335938e+00 8.343032836914062500e+00 -1.671033620834350586e+00
3.692969799041748047e+00 3.353242397308349609e+00 -9.018083572387695312e+00 3.579639911651611328e+00 -1.309419393539428711e+00 -4.581691741943359375e+00 -1.823013067245483398e+00 -1.422783255577087402e+00 3.896828413009643555e+00 7.845289707183837891e+00 -3.123517990112304688e+00 -1.228922128677368164e+00 5.006351947784423828e+00 -7.025742530822753906e+00 6.978253364562988281e+00 -2.355409860610961914e+00
3.273814678192138672e+00 2.243712186813354492e+00 -8.693300247192382812e+00 1.864682912826538086e+00 -1.075890302658081055e+00 -4.420839786529541016e+00 4.250098466873168945e-01 -1.776924490928649902e+00 4.421136379241943359e+00 6.854171752929687500e+00 -3.395529270172119141e+00 -9.774512052536010742e-01 4.096405029296875000e+00 -6.774935245513916016e+00 6.198021888732910156e+00 -9.163239002227783203e-01
3.711290121078491211e+00 3.471831321716308594e+00 -9.047106742858886719e+00 3.420250177383422852e+00 -1.655991792678833008e+00 -4.547167778015136719e+00 -8.967372775077819824e-01 -1.302993655204772949e+00 3.829405784606933594e+00 8.158530235290527344e+00 -2.372990608215332031e+00 -6.635329723358154297e-01 5.142780303955078125e+00 -8.134449005126953125e+00 7.213140487670898438e+00 -1.941808104515075684e+00
3.927392959594726562e+00 2.707740545272827148e+00 -9.089797973632812500e+00 2.686878204345703125e+00 -1.454399824142456055e+00 -4.525237083435058594e+00 2.991572022438049316e-02 -2.002023220062255859e+00 4.798083305358886719e+00 7.152425289154052734e+00 -3.638509035110473633e+00 -1.385001540184020996e+00 4.421599864959716797e+00 -6.689985752105712891e+00 6.340332984924316406e+00 -1.090200543403625488e+00
3.014738321304321289e+00 3.243666410446166992e+00 -1.110166740417480469e+01 3.029520511627197266e+00 -9.556711912155151367e-01 -6.286701202392578125e+00 -8.065148591995239258e-01 -2.221107482910156250e+00 4.170197963714599609e+00 9.324562072753906250e+00 -1.856766939163208008e+00 -2.672579586505889893e-01 5.839807987213134766e+00 -1.022361564636230469e+01 9.068570137023925781e+00 -2.426131486892700195e+00
3.384090662002563477e+00 2.280054092407226562e+00 -8.572819709777832031e+00 2.013384103775024414e+00 -1.094529271125793457e+00 -4.075684547424316406e+00 1.573883295059204102e-01 -1.943269610404968262e+00 4.591605663299560547e+00 6.226448535919189453e+00 -3.537833690643310547e+00 -1.187477707862854004e+00 3.580163002014160156e+00 -5.878060817718505859e+00 5.763483047485351562e+00 -1.053824901580810547e+00
3.239566087722778320e+00 3.142250776290893555e+00 -1.040096569061279297e+01 2.863608837127685547e+00 -9.388705492019653320e-01 -5.902113914489746094e+00 -8.830677270889282227e-01 -1.805115461349487305e+00 4.066442966461181641e+00 8.895277023315429688e+00 -2.101876497268676758e+00 -4.813984632492065430e-01 5.413712501525878906e+00 -9.305263519287109375e+00 8.677227973937988281e+00 -2.252796173095703125e+00
3.991866588592529297e+00 3.025603294372558594e+00 -1.040674591064453125e+01 2.976259708404541016e+00 -1.390447854995727539e+00 -5.118401050567626953e+00 6.161544471979141235e-03 -2.261611223220825195e+00 5.139682292938232422e+00 8.112604141235351562e+00 -3.593101978302001953e+00 -1.135164141654968262e+00 4.870433807373046875e+00 -7.769185066223144531e+00 7.411834716796875000e+00 -1.389826536178588867e+00
2.896602869033813477e+00 3.195163965225219727e+00 -9.816693305969238281e+00 2.939609527587890625e+00 -1.357994437217712402e+00 -5.659898281097412109e+00 -4.798026978969573975e-01 -1.787753224372863770e+00 3.760087728500366211e+00 8.656805992126464844e+00 -1.465669035911560059e+00 -2.620384097099304199e-01 5.456639766693115234e+00 -9.583967208862304688e+00 8.155914306640625000e+00 -2.121058940887451172e+00
3.598036050796508789e+00 2.444307327270507812e+00 -8.212577819824218750e+00 2.272948265075683594e+00 -1.326266765594482422e+00 -3.978278636932373047e+00 -2.578388154506683350e-02 -1.763979554176330566e+00 4.394547939300537109e+00 6.325127601623535156e+00 -3.356721878051757812e+00 -1.281679034233093262e+00 3.876747369766235352e+00 -5.861439704895019531e+00 5.704680919647216797e+00 -1.090140342712402344e+00
3.650508880615234375e+00 3.622610330581665039e+00 -1.141940307617187500e+01 3.260889768600463867e+00 -1.663419127464294434e+00 -6.144830226898193359e+00 -5.287069082260131836e-01 -1.997925519943237305e+00 4.834654331207275391e+00 9.605612754821777344e+00 -2.608442068099975586e+00 -6.692768335342407227e-01 5.883075237274169922e+00 -1.009830760955810547e+01 8.993191719055175781e+00 -2.088652610778808594e+00
3.627938032150268555e+00 2.618954420089721680e+00 -8.342640876770019531e+00 2.625780820846557617e+00 -1.227362513542175293e+00 -3.983634471893310547e+00 -7.248421013355255127e-02 -1.519105315208435059e+00 4.306243896484375000e+00 6.733765125274658203e+00 -3.569284439086914062e+00 -1.214553713798522949e+00 4.058286190032958984e+00 -6.022108078002929688e+00 5.815792083740234375e+00 -1.048956513404846191e+00
-1.425495529174804688e+01 9.086225509643554688e+00 1.560495495796203613e+00 -1.297766780853271484e+01 -8.311589956283569336e-01 -1.008702278137207031e+01 2.749825239181518555e+00 2.327024936676025391e+00 -1.400061011314392090e+00 -1.745621919631958008e+00 8.767952919006347656e+00 -8.123751878738403320e-01 5.858012676239013672e+00 9.596133232116699219e-01 1.927392578125000000e+01 -7.537743449211120605e-02
-1.084346771240234375e+01 6.968141555786132812e+00 1.470344781875610352e+00 -9.851067543029785156e+00 -9.367530941963195801e-01 -7.726262092590332031e+00 2.305671453475952148e+00 1.628010749816894531e+00 -3.507226705551147461e-01 -1.477048993110656738e+00 6.898623466491699219e+00 -1.058181762695312500e+00 4.719102859497070312e+00 8.566135168075561523e-01 1.486668395996093750e+01 7.480408251285552979e-02
-1.547638988494873047e+01 9.551408767700195312e+00 1.506810188293457031e+00 -1.391296100616455078e+01 -1.028693914413452148e+00 -1.097585391998291016e+01 2.654699087142944336e+00 2.574268579483032227e+00 -1.546414494514465332e+00 -1.924564123153686523e+00 9.871226310729980469e+00 -8.672619462013244629e-01 6.263506889343261719e+00 8.725767135620117188e-01 2.062708663940429688e+01 7.027296721935272217e-02
-1.542316818237304688e+01 9.110352516174316406e+00 1.203438520431518555e+00 -1.354109191894531250e+01 -9.546774029731750488e-01 -1.126040744781494141e+01 2.394479036331176758e+00 2.892348766326904297e+00 -2.017232418060302734e+00 -1.807210206985473633e+00 9.681887626647949219e+00 -5.437030792236328125e-01 5.988070011138916016e+00 1.054154753684997559e+00 1.998355293273925781e+01 4.713742434978485107e-01
-1.525213241577148438e+01 9.251153945922851562e+00 1.347939610481262207e+00 -1.376331424713134766e+01 -8.771528601646423340e-01 -1.108883094787597656e+01 2.767818689346313477e+00 2.658174514770507812e+00 -1.812401175498962402e+00 -1.950748205184936523e+00 9.893131256103515625e+00 -6.064609885215759277e-01 6.486316680908203125e+00 8.890969753265380859e-01 2.070408630371093750e+01 2.505100369453430176e-01
-1.426428890228271484e+01 8.799514770507812500e+00 1.475395441055297852e+00 -1.260985374450683594e+01 -7.263681888580322266e-01 -1.009499168395996094e+01 2.433708906173706055e+00 2.807139635086059570e+00 -1.780064225196838379e+00 -1.486288189888000488e+00 8.546524047851562500e+00 -3.932029008865356445e-01 5.779293537139892578e+00 1.292810678482055664e+00 1.886365127563476562e+01 1.627871394157409668e-01
-1.380259895324707031e+01 9.509675979614257812e+00 1.146888494491577148e+00 -1.331519508361816406e+01 -6.409155130386352539e-01 -1.069848442077636719e+01 2.278864383697509766e+00 2.801043272018432617e+00 -1.906045198440551758e+00 -1.591933131217956543e+00 8.094933509826660156e+00 -5.302517414093017578e-01 6.602944374084472656e+00 3.765800297260284424e-01 1.994652366638183594e+01 8.746780455112457275e-02
-1.583806514739990234e+01 9.618270874023437500e+00 1.357132077217102051e+00 -1.408849906921386719e+01 -8.122511506080627441e-01 -1.155398845672607422e+01 2.601137638092041016e+00 3.082085609436035156e+00 -2.234111785888671875e+00 -1.823050975799560547e+00 9.641237258911132812e+00 -3.529936075210571289e-01 6.327395915985107422e+00 1.232850193977355957e+00 2.097325134277343750e+01 3.344694375991821289e-01
-1.510645675659179688e+01 9.022847175598144531e+00 1.250710248947143555e+00 -1.335117721557617188e+01 -1.104732751846313477e+00 -1.115089225769042969e+01 2.315888881683349609e+00 2.935564994812011719e+00 -1.791713833808898926e+00 -1.858706355094909668e+00 9.504405021667480469e+00 -5.431500673294067383e-01 6.041561603546142578e+00 1.072734117507934570e+00 2.003669166564941406e+01 4.849212169647216797e-01
-1.426469898223876953e+01 8.735627174377441406e+00 1.249078512191772461e+00 -1.301068973541259766e+01 -1.074969649314880371e+00 -1.030813884735107422e+01 2.431102514266967773e+00 2.320006847381591797e+00 -1.176766395568847656e+00 -1.406760931015014648e+00 9.188902854919433594e+00 -1.079277038574218750e+00 6.055348396301269531e+00 6.987366676330566406e-01 1.936049842834472656e+01 -2.145227789878845215e-02
2.971231460571289062e+00 1.198829650878906250e+00 -1.975324392318725586e+00 -4.055487513542175293e-01 1.110935211181640625e+00 -3.974596500396728516e+00 1.394845992326736450e-01 2.384428262710571289e+00 -6.108614206314086914e-01 2.889697551727294922e+00 -1.626551866531372070e+00 -8.292695879936218262e-01 5.638165950775146484e+00 -3.186649799346923828e+00 4.858308792114257812e+00 1.691690444946289062e+00
4.365370273590087891e+00 1.500503182411193848e+00 -1.820517778396606445e+00 -1.625314950942993164e+00 2.016290664672851562e+00 -6.137847423553466797e+00 6.286750435829162598e-01 2.752400875091552734e+00 2.075097858905792236e-01 2.775642633438110352e+00 -4.889866828918457031e+00 -2.202665805816650391e+00 6.940221309661865234e+00 -4.228717803955078125e+00 5.921477317810058594e+00 2.083544492721557617e+00
4.225060939788818359e+00 1.269740223884582520e+00 -1.696303606033325195e+00 -5.081558823585510254e-01 1.949133992195129395e+00 -4.757051467895507812e+00 1.121660351753234863e+00 2.371020317077636719e+00 2.205330133438110352e-01 2.635347843170166016e+00 -4.029577732086181641e+00 -1.886847972869873047e+00 6.101047039031982422e+00 -3.947644948959350586e+00 4.535988330841064453e+00 2.359920263290405273e+00
3.868753910064697266e+00 9.591050148010253906e-01 -1.867871284484863281e+00 2.191083133220672607e-02 1.975032925605773926e+00 -5.267339706420898438e+00 1.230729699134826660e+00 2.755332469940185547e+00 4.233514517545700073e-02 2.456752300262451172e+00 -3.547962427139282227e+00 -1.724403381347656250e+00 6.410982131958007812e+00 -4.081160545349121094e+00 4.504736900329589844e+00 2.468694210052490234e+00
4.686996459960937500e+00 5.668895840644836426e-01 -1.919178724288940430e+00 -6.647673845291137695e-01 2.193201303482055664e+00 -6.322099685668945312e+00 9.438875317573547363e-01 2.689425230026245117e+00 9.077770113945007324e-01 3.018921613693237305e+00 -5.416598320007324219e+00 -2.732069730758666992e+00 6.664486885070800781e+00 -4.510884761810302734e+00 4.673336029052734375e+00 2.390033006668090820e+00
4.986825942993164062e+00 1.326026678085327148e+00 -1.526167511940002441e+00 -7.590125203132629395e-01 1.914268612861633301e+00 -5.354155540466308594e+00 1.240292310714721680e+00 2.911211967468261719e+00 7.896932214498519897e-02 3.378541469573974609e+00 -4.434936523437500000e+00 -2.225652217864990234e+00 7.100023269653320312e+00 -4.771621704101562500e+00 5.251863956451416016e+00 2.731637954711914062e+00
4.499569892883300781e+00 1.227302074432373047e+00 -1.564209222793579102e+00 -9.262392520904541016e-01 1.689182043075561523e+00 -4.561938285827636719e+00 6.054958701133728027e-01 1.841754078865051270e+00 3.525522053241729736e-01 2.696793794631958008e+00 -4.121198654174804688e+00 -2.037609577178955078e+00 6.157588958740234375e+00 -4.008915424346923828e+00 4.545796871185302734e+00 1.841045260429382324e+00
5.307202339172363281e+00 9.486995935440063477e-01 -1.728789210319519043e+00 -6.117987632751464844e-01 2.298592805862426758e+00 -6.192898750305175781e+00 1.206229686737060547e+00 3.014580011367797852e+00 6.612628102302551270e-01 3.303643226623535156e+00 -5.538513660430908203e+00 -2.754143714904785156e+00 7.223284244537353516e+00 -4.934656620025634766e+00 5.085857391357421875e+00 2.696834802627563477e+00
-6.779124736785888672e+00 5.536830425262451172e+00 3.880586028099060059e-01 -7.649596691131591797e+00 4.441373944282531738e-01 -7.628779888153076172e+00 1.753938198089599609e+00 2.215167522430419922e+00 -8.717167377471923828e-01 4.199671745300292969e-01 2.733824729919433594e+00 -8.305621147155761719e-01 5.097809314727783203e+00 -6.705814003944396973e-01 1.231803607940673828e+01 5.438846945762634277e-01
-7.260759472846984863e-01 2.300647020339965820e+00 -4.274838268756866455e-01 -3.157593011856079102e+00 2.708065807819366455e-01 -4.577722549438476562e+00 1.055303096771240234e+00 1.181105613708496094e+00 9.103878736495971680e-01 9.221215248107910156e-01 -9.097511768341064453e-01 -1.844448447227478027e+00 4.051531314849853516e+00 -1.499021530151367188e+00 6.027247428894042969e+00 9.006100893020629883e-01
2.390664815902709961e+00 7.855351567268371582e-01 -4.088728427886962891e-01 -1.348421335220336914e+00 7.088049054145812988e-01 -3.755709409713745117e+00 1.098203897476196289e+00 1.776629090309143066e+00 8.201169967651367188e-01 2.396508216857910156e+00 -3.058368444442749023e+00 -1.781019449234008789e+00 4.118514537811279297e+00 -2.494976758956909180e+00 3.777429103851318359e+00 1.186714172363281250e+00
4.068513870239257812e+00 1.329328119754791260e-01 -1.330035209655761719e+00 -6.490650773048400879e-01 1.749471187591552734e+00 -5.556464672088623047e+00 8.333316445350646973e-01 2.201959609985351562e+00 1.221746206283569336e+00 2.658094882965087891e+00 -4.565988063812255859e+00 -2.475075721740722656e+00 5.680009365081787109e+00 -3.900203704833984375e+00 3.933986186981201172e+00 1.725196361541748047e+00
4.221530914306640625e+00 9.672983884811401367e-01 -2.107223272323608398e+00 -4.923926591873168945e-01 2.239848852157592773e+00 -6.796063423156738281e+00 1.519631743431091309e+00 3.074363946914672852e+00 9.858704209327697754e-01 3.417592525482177734e+00 -5.494657993316650391e+00 -2.790221929550170898e+00 6.886794567108154297e+00 -4.566857337951660156e+00 5.335271835327148438e+00 2.635098934173583984e+00
4.471320152282714844e+00 2.416754215955734253e-01 -1.202830433845520020e+00 -3.762287497520446777e-01 1.807611107826232910e+00 -5.633092403411865234e+00 1.548095464706420898e+00 2.720614910125732422e+00 1.042297124862670898e+00 3.473571300506591797e+00 -4.950249195098876953e+00 -2.661432027816772461e+00 6.145978450775146484e+00 -4.505182743072509766e+00 3.998135805130004883e+00 2.359907150268554688e+00
4.072727203369140625e+00 5.520968437194824219e-01 -6.609248518943786621e-01 -5.754665732383728027e-01 1.381168842315673828e+00 -3.992077589035034180e+00 1.143406987190246582e+00 1.997285127639770508e+00 5.371444225311279297e-01 3.386445760726928711e+00 -3.634025812149047852e+00 -2.052477359771728516e+00 5.283146381378173828e+00 -3.844358205795288086e+00 3.580754280090332031e+00 1.787266135215759277e+00
3.585647106170654297e+00 4.074459075927734375e-01 -8.251427412033081055e-01 -2.400143444538116455e-01 1.237201929092407227e+00 -3.766627311706542969e+00 1.104403018951416016e+00 1.612250804901123047e+00 8.273683190345764160e-01 3.064614534378051758e+00 -3.426559209823608398e+00 -2.008328914642333984e+00 4.807978630065917969e+00 -3.590688705444335938e+00 3.135707139968872070e+00 1.743479251861572266e+00
1.346059322357177734e+00 9.614613056182861328e-01 -4.758356213569641113e-01 -1.642657518386840820e+00 -1.044949963688850403e-01 -2.373038053512573242e+00 2.610726952552795410e-01 5.870496034622192383e-01 5.241502523422241211e-01 2.057781219482421875e+00 -6.765670776367187500e-01 -1.332440018653869629e+00 3.223891735076904297e+00 -2.121376991271972656e+00 3.630068302154541016e+00 5.181167125701904297e-01
2.554061412811279297e+00 7.494512200355529785e-01 -8.508416414260864258e-01 -1.005926728248596191e+00 4.296414554119110107e-01 -2.185622692108154297e+00 -1.705255508422851562e-01 1.151279807090759277e+00 -2.473023533821105957e-01 2.808606863021850586e+00 -1.138317227363586426e+00 -6.507511138916015625e-01 3.498783588409423828e+00 -2.387753009796142578e+00 3.286120176315307617e+00 8.208445906639099121e-01
4.149719715118408203e+00 3.835617601871490479e-01 -1.565159440040588379e+00 -1.001669883728027344e+00 1.516224503517150879e+00 -4.983996868133544922e+00 1.620292067527770996e-01 2.075301170349121094e+00 5.232828855514526367e-01 3.202797651290893555e+00 -3.803193092346191406e+00 -1.936550378799438477e+00 5.709711551666259766e+00 -3.993601083755493164e+00 4.338538646697998047e+00 1.501673936843872070e+00
3.302965641021728516e+00 4.711901843547821045e-01 -1.652116417884826660e+00 -6.224864125251770020e-01 1.386490941047668457e+00 -4.474989891052246094e+00 1.124258115887641907e-01 1.882010936737060547e+00 3.615947961807250977e-01 2.903937101364135742e+00 -3.081042289733886719e+00 -1.465931773185729980e+00 5.204316616058349609e+00 -3.465104818344116211e+00 4.055403232574462891e+00 1.273693919181823730e+00
5.311447620391845703e+00 8.487856984138488770e-01 -1.994356393814086914e+00 -9.003290534019470215e-01 2.232907533645629883e+00 -6.423022270202636719e+00 6.690967679023742676e-01 3.016127586364746094e+00 6.168387532234191895e-01 3.536837816238403320e+00 -5.437723159790039062e+00 -2.658281326293945312e+00 7.255519866943359375e+00 -5.116660594940185547e+00 5.402834892272949219e+00 2.432895183563232422e+00
4.064002037048339844e+00 8.251863718032836914e-01 -1.094977259635925293e+00 -9.608595371246337891e-01 1.045912861824035645e+00 -3.519663095474243164e+00 2.529148459434509277e-01 1.755337238311767578e+00 -1.203587800264358521e-01 3.639466762542724609e+00 -2.525051355361938477e+00 -1.388178586959838867e+00 5.517604351043701172e+00 -3.746186494827270508e+00 4.325551986694335938e+00 1.414866328239440918e+00
4.447396755218505859e+00 8.122010231018066406e-01 -1.482837796211242676e+00 -9.877496957778930664e-01 1.694853901863098145e+00 -4.575868606567382812e+00 2.993341684341430664e-01 1.803467750549316406e+00 5.885297060012817383e-01 3.450155735015869141e+00 -4.274346828460693359e+00 -2.128547668457031250e+00 5.723113536834716797e+00 -4.127371788024902344e+00 4.331682682037353516e+00 1.589567422866821289e+00
2.791615486145019531e+00 2.119353771209716797e+00 -1.204186201095581055e+00 -2.070910453796386719e+00 1.512759327888488770e+00 -5.005973815917968750e+00 7.189297080039978027e-01 2.083067655563354492e+00 -6.539114564657211304e-02 2.971874952316284180e+00 -2.836794853210449219e+00 -1.726747155189514160e+00 5.950490951538085938e+00 -3.680247068405151367e+00 6.189203262329101562e+00 1.632738351821899414e+00
