4.725190699100494385e-01 -2.073847949504852295e-01 -2.282690525054931641e+00 -6.436061263084411621e-01 -2.562631607055664062e+00 -8.932053446769714355e-01 2.725929737091064453e+00 1.049370408058166504e+00 2.051321268081665039e+00 -7.168515920639038086e-01 1.583478093147277832e+00 -1.836105108261108398e+00 -1.010336160659790039e+00 -1.033807992935180664e+00 3.416268825531005859e+00 1.816229343414306641e+00
4.749034941196441650e-01 -2.087183892726898193e-01 -2.279528141021728516e+00 -6.433187127113342285e-01 -2.562900304794311523e+00 -8.944507837295532227e-01 2.725436449050903320e+00 1.049532890319824219e+00 2.051415681838989258e+00 -7.179237604141235352e-01 1.582950353622436523e+00 -1.836707711219787598e+00 -1.009598612785339355e+00 -1.035101413726806641e+00 3.414186477661132812e+00 1.816955089569091797e+00
4.757023155689239502e-01 -2.098905742168426514e-01 -2.280426502227783203e+00 -6.415729522705078125e-01 -2.563024997711181641e+00 -8.950998783111572266e-01 2.726826429367065430e+00 1.048869132995605469e+00 2.052031278610229492e+00 -7.173742055892944336e-01 1.582003831863403320e+00 -1.837862849235534668e+00 -1.007553339004516602e+00 -1.033934235572814941e+00 3.411627769470214844e+00 1.820066928863525391e+00
4.744260609149932861e-01 -2.090135514736175537e-01 -2.280282497406005859e+00 -6.431563496589660645e-01 -2.563760280609130859e+00 -8.936085700988769531e-01 2.725742816925048828e+00 1.048921704292297363e+00 2.051485300064086914e+00 -7.184766530990600586e-01 1.584209084510803223e+00 -1.837087988853454590e+00 -1.010131001472473145e+00 -1.035101890563964844e+00 3.413963556289672852e+00 1.816646099090576172e+00
4.747389853000640869e-01 -2.090462148189544678e-01 -2.279716491699218750e+00 -6.446663737297058105e-01 -2.563356399536132812e+00 -8.952002525329589844e-01 2.726274728775024414e+00 1.048280000686645508e+00 2.052623033523559570e+00 -7.189913988113403320e-01 1.584501266479492188e+00 -1.838068485260009766e+00 -1.009546279907226562e+00 -1.036456227302551270e+00 3.414747238159179688e+00 1.815097332000732422e+00
4.735840857028961182e-01 -2.099239528179168701e-01 -2.278961181640625000e+00 -6.429978013038635254e-01 -2.560754776000976562e+00 -8.964390754699707031e-01 2.726396560668945312e+00 1.049467325210571289e+00 2.051919698715209961e+00 -7.155557870864868164e-01 1.581048488616943359e+00 -1.838150978088378906e+00 -1.008301615715026855e+00 -1.033305168151855469e+00 3.413590192794799805e+00 1.817455768585205078e+00
4.750420153141021729e-01 -2.078578174114227295e-01 -2.285440206527709961e+00 -6.426115036010742188e-01 -2.569405317306518555e+00 -8.931506872177124023e-01 2.733544826507568359e+00 1.044085621833801270e+00 2.061538457870483398e+00 -7.138398885726928711e-01 1.580948591232299805e+00 -1.844388127326965332e+00 -1.013718724250793457e+00 -1.043661117553710938e+00 3.409088134765625000e+00 1.813222408294677734e+00
4.740287363529205322e-01 -2.098723351955413818e-01 -2.280810832977294922e+00 -6.436471343040466309e-01 -2.562961101531982422e+00 -8.951138257980346680e-01 2.726877212524414062e+00 1.049233675003051758e+00 2.052852869033813477e+00 -7.178484201431274414e-01 1.582922697067260742e+00 -1.838158249855041504e+00 -1.009681582450866699e+00 -1.035295248031616211e+00 3.413529396057128906e+00 1.816802501678466797e+00
4.734105169773101807e-01 -2.087005078792572021e-01 -2.281043529510498047e+00 -6.448629498481750488e-01 -2.563510894775390625e+00 -8.946247100830078125e-01 2.726606369018554688e+00 1.050184607505798340e+00 2.051532030105590820e+00 -7.180150747299194336e-01 1.581972479820251465e+00 -1.836032986640930176e+00 -1.011056542396545410e+00 -1.034155607223510742e+00 3.415102481842041016e+00 1.817463397979736328e+00
8.072277307510375977e-01 9.292249083518981934e-01 -1.239939093589782715e+00 -5.116866827011108398e-01 -1.901943325996398926e+00 2.207927703857421875e-01 1.933731794357299805e+00 -3.653094172477722168e-02 2.504610061645507812e+00 -1.395817875862121582e+00 5.014278292655944824e-01 -1.429588913917541504e+00 -6.646044254302978516e-01 4.482425749301910400e-01 2.491700649261474609e+00 2.314424753189086914e+00
8.357691764831542969e-01 9.562823176383972168e-01 -1.172435522079467773e+00 -5.266795158386230469e-01 -1.885476708412170410e+00 2.454532533884048462e-01 1.920959115028381348e+00 -5.185095220804214478e-02 2.452278137207031250e+00 -1.393484354019165039e+00 4.797376692295074463e-01 -1.401598215103149414e+00 -6.470065116882324219e-01 4.762060344219207764e-01 2.424138545989990234e+00 2.279854774475097656e+00
7.779839634895324707e-01 8.609912395477294922e-01 -1.097343802452087402e+00 -4.848668575286865234e-01 -1.776838779449462891e+00 2.148386985063552856e-01 1.820350646972656250e+00 -4.196240752935409546e-02 2.310421228408813477e+00 -1.309639930725097656e+00 4.370476007461547852e-01 -1.331835031509399414e+00 -5.756459236145019531e-01 4.699561893939971924e-01 2.282824039459228516e+00 2.154075384140014648e+00
8.456494808197021484e-01 8.191622495651245117e-01 -1.124595046043395996e+00 -4.563568532466888428e-01 -1.707738399505615234e+00 2.482016980648040771e-01 1.710732221603393555e+00 -7.476409524679183960e-02 2.322369575500488281e+00 -1.316512107849121094e+00 4.319873452186584473e-01 -1.255948066711425781e+00 -5.998895764350891113e-01 3.914001286029815674e-01 2.289369583129882812e+00 2.163616657257080078e+00
7.920023798942565918e-01 8.433439731597900391e-01 -1.126919627189636230e+00 -4.884125888347625732e-01 -1.755052566528320312e+00 2.391014993190765381e-01 1.780163407325744629e+00 -3.335946425795555115e-02 2.308465242385864258e+00 -1.313028097152709961e+00 4.276204109191894531e-01 -1.287306547164916992e+00 -6.134219765663146973e-01 4.265388250350952148e-01 2.332359790802001953e+00 2.130669116973876953e+00
9.194152355194091797e-01 1.027381777763366699e+00 -1.223809957504272461e+00 -5.060334205627441406e-01 -1.962100148200988770e+00 2.418966740369796753e-01 1.945751786231994629e+00 -1.191414594650268555e-01 2.629394054412841797e+00 -1.454462289810180664e+00 5.768087506294250488e-01 -1.469283819198608398e+00 -6.619915366172790527e-01 4.472238719463348389e-01 2.493808507919311523e+00 2.458793163299560547e+00
5.706527829170227051e-01 1.369713187217712402e+00 -1.317184686660766602e+00 -5.634300112724304199e-01 -2.271257400512695312e+00 9.566952474415302277e-03 2.255459547042846680e+00 -3.239477425813674927e-02 2.731042861938476562e+00 -1.420657277107238770e+00 7.880889773368835449e-01 -1.849246978759765625e+00 -7.178093194961547852e-01 4.266242086887359619e-01 2.666176557540893555e+00 2.554803371429443359e+00
7.765513062477111816e-01 1.290978908538818359e+00 -1.476420998573303223e+00 -5.739813446998596191e-01 -2.302183151245117188e+00 9.291968494653701782e-02 2.331547737121582031e+00 -9.042805433273315430e-02 2.934444665908813477e+00 -1.629961133003234863e+00 7.351254820823669434e-01 -1.837279200553894043e+00 -7.656684517860412598e-01 4.871912598609924316e-01 2.768976211547851562e+00 2.779443264007568359e+00
8.811186552047729492e-01 1.520443081855773926e+00 -1.577535748481750488e+00 -6.607630252838134766e-01 -2.650668382644653320e+00 1.544624865055084229e-01 2.626516342163085938e+00 -8.587898313999176025e-02 3.361847877502441406e+00 -1.755612134933471680e+00 9.485698938369750977e-01 -2.090764522552490234e+00 -8.716409206390380859e-01 5.473549962043762207e-01 3.161784887313842773e+00 3.132708311080932617e+00
9.217175841331481934e-01 1.415380120277404785e+00 -1.509422659873962402e+00 -6.340369582176208496e-01 -2.487134695053100586e+00 1.602827906608581543e-01 2.499475240707397461e+00 -1.153870001435279846e-01 3.207032203674316406e+00 -1.761644721031188965e+00 8.220484256744384766e-01 -1.966453313827514648e+00 -8.184297680854797363e-01 5.498538613319396973e-01 3.017722368240356445e+00 3.030746698379516602e+00
4.573086500167846680e-01 1.404371142387390137e+00 -1.163617730140686035e+00 -5.970886945724487305e-01 -2.282880306243896484e+00 -1.076177135109901428e-01 2.169754266738891602e+00 -1.083901226520538330e-01 2.738850116729736328e+00 -1.399542570114135742e+00 7.813637256622314453e-01 -1.970870375633239746e+00 -6.811444163322448730e-01 4.959056973457336426e-01 2.361944675445556641e+00 2.558428049087524414e+00
3.244038224220275879e-01 1.241011261940002441e+00 -1.036646127700805664e+00 -5.845482945442199707e-01 -2.070942640304565430e+00 -1.038317605853080750e-01 1.999192476272583008e+00 -2.789266221225261688e-02 2.392359972000122070e+00 -1.221756696701049805e+00 6.503409147262573242e-01 -1.789721012115478516e+00 -6.356766223907470703e-01 4.666533470153808594e-01 2.132048606872558594e+00 2.218321323394775391e+00
6.891864538192749023e-01 1.571175694465637207e+00 -1.367207050323486328e+00 -6.400761604309082031e-01 -2.516294479370117188e+00 -2.195246890187263489e-02 2.456814765930175781e+00 -1.848250776529312134e-01 3.132708787918090820e+00 -1.632956385612487793e+00 8.818923234939575195e-01 -2.126889705657958984e+00 -7.642689347267150879e-01 5.677037835121154785e-01 2.816326141357421875e+00 2.969323635101318359e+00
4.125010669231414795e-01 1.314199447631835938e+00 -1.121364355087280273e+00 -5.587462782859802246e-01 -2.163228750228881836e+00 -1.327965706586837769e-01 2.048711776733398438e+00 -9.670644998550415039e-02 2.588758945465087891e+00 -1.320970177650451660e+00 7.568598389625549316e-01 -1.873481988906860352e+00 -6.572001576423645020e-01 4.321755766868591309e-01 2.220554828643798828e+00 2.449826955795288086e+00
2.963283658027648926e-01 1.139986515045166016e+00 -1.081030368804931641e+00 -5.274071693420410156e-01 -2.028291463851928711e+00 -8.821074664592742920e-02 1.955894947052001953e+00 3.126648813486099243e-02 2.365350008010864258e+00 -1.111294388771057129e+00 7.448914051055908203e-01 -1.716529726982116699e+00 -6.573238372802734375e-01 3.438071608543395996e-01 2.125746250152587891e+00 2.173774957656860352e+00
3.915356397628784180e-01 1.321379065513610840e+00 -1.089463114738464355e+00 -5.576418042182922363e-01 -2.185142993927001953e+00 -1.459424346685409546e-01 2.076335668563842773e+00 -1.000409871339797974e-01 2.605764865875244141e+00 -1.317071080207824707e+00 7.465284466743469238e-01 -1.915390253067016602e+00 -6.119400262832641602e-01 4.900000095367431641e-01 2.221196651458740234e+00 2.440942049026489258e+00
3.039636909961700439e-01 1.211915731430053711e+00 -1.029570937156677246e+00 -5.254584550857543945e-01 -2.081986427307128906e+00 -1.715849936008453369e-01 1.991258263587951660e+00 -4.940121620893478394e-02 2.458359241485595703e+00 -1.203382015228271484e+00 7.286939620971679688e-01 -1.853942394256591797e+00 -5.811447501182556152e-01 4.499947428703308105e-01 2.075378894805908203e+00 2.310581207275390625e+00
6.738123893737792969e-01 1.153765559196472168e+00 -1.049671411514282227e+00 -5.935479402542114258e-01 -2.046343088150024414e+00 1.064010038971900940e-01 1.936072826385498047e+00 -1.140409633517265320e-01 2.592150449752807617e+00 -1.368262887001037598e+00 6.537306308746337891e-01 -1.653867483139038086e+00 -6.758012175559997559e-01 4.821892678737640381e-01 2.192991733551025391e+00 2.460255146026611328e+00
8.214598894119262695e-01 8.220668435096740723e-01 -1.105028510093688965e+00 -4.246399700641632080e-01 -1.725682258605957031e+00 2.046140730381011963e-01 1.704441428184509277e+00 -9.401564300060272217e-02 2.350944042205810547e+00 -1.292328238487243652e+00 4.864605069160461426e-01 -1.287718057632446289e+00 -5.574017763137817383e-01 3.896155059337615967e-01 2.262706279754638672e+00 2.191236495971679688e+00
4.963133037090301514e-01 1.099701166152954102e+00 -9.637395739555358887e-01 -5.576949715614318848e-01 -2.008718729019165039e+00 1.003487966954708099e-03 1.925689458847045898e+00 -7.984944432973861694e-02 2.495247840881347656e+00 -1.227568745613098145e+00 6.448113918304443359e-01 -1.730240821838378906e+00 -5.918480753898620605e-01 5.096709728240966797e-01 2.057088851928710938e+00 2.345273256301879883e+00
-4.144322872161865234e-01 -1.995521545410156250e+00 -1.129238128662109375e+00 -2.161725908517837524e-01 -4.997020959854125977e-01 -1.319438576698303223e+00 7.492998838424682617e-01 1.460581183433532715e+00 -9.676439166069030762e-01 9.301144480705261230e-01 8.212021589279174805e-01 -2.063832879066467285e-01 -3.272394239902496338e-01 -1.749136209487915039e+00 1.026386260986328125e+00 -1.025453686714172363e+00
-3.829431235790252686e-01 -1.874414324760437012e+00 -1.011656761169433594e+00 -1.967685967683792114e-01 -4.499606788158416748e-01 -1.235951304435729980e+00 6.966840028762817383e-01 1.314926743507385254e+00 -9.229621887207031250e-01 8.477373123168945312e-01 7.381893396377563477e-01 -2.058331668376922607e-01 -2.698565423488616943e-01 -1.603994369506835938e+00 9.372749328613281250e-01 -9.593462944030761719e-01
-3.953160643577575684e-01 -1.588741540908813477e+00 -8.950007557868957520e-01 -1.030492037534713745e-01 -3.412168622016906738e-01 -1.049525260925292969e+00 5.823823809623718262e-01 1.137679457664489746e+00 -7.794792652130126953e-01 7.474957704544067383e-01 5.545693635940551758e-01 -1.870816797018051147e-01 -1.858431249856948853e-01 -1.286893486976623535e+00 7.868704795837402344e-01 -7.369620800018310547e-01
-3.904023468494415283e-01 -1.797100543975830078e+00 -1.001150250434875488e+00 -1.670928895473480225e-01 -4.135079085826873779e-01 -1.178386688232421875e+00 6.615744233131408691e-01 1.268708348274230957e+00 -8.799875974655151367e-01 8.230490088462829590e-01 7.001854181289672852e-01 -1.906658113002777100e-01 -2.523983120918273926e-01 -1.528652071952819824e+00 9.132120609283447266e-01 -8.930941224098205566e-01
-4.161807000637054443e-01 -1.756722927093505859e+00 -9.679535031318664551e-01 -2.449717968702316284e-01 -4.887244105339050293e-01 -1.160211443901062012e+00 6.997329592704772949e-01 1.341503500938415527e+00 -8.834202885627746582e-01 8.458754420280456543e-01 7.489006519317626953e-01 -1.574082523584365845e-01 -3.346482217311859131e-01 -1.581732749938964844e+00 9.441033005714416504e-01 -9.360430240631103516e-01
-4.037123024463653564e-01 -1.514666676521301270e+00 -8.443148136138916016e-01 -1.634602099657058716e-01 -3.925717771053314209e-01 -1.024117708206176758e+00 6.375977396965026855e-01 1.209024190902709961e+00 -8.224749565124511719e-01 7.814052104949951172e-01 6.192076802253723145e-01 -1.239975094795227051e-01 -2.398457974195480347e-01 -1.314165234565734863e+00 8.211478590965270996e-01 -7.301744222640991211e-01
-4.224396347999572754e-01 -1.589498996734619141e+00 -8.905784487724304199e-01 -2.185182422399520874e-01 -4.943118691444396973e-01 -1.065740346908569336e+00 6.537780761718750000e-01 1.290668606758117676e+00 -8.254687786102294922e-01 8.051924705505371094e-01 6.556263566017150879e-01 -1.405994743108749390e-01 -3.251529335975646973e-01 -1.426642656326293945e+00 8.343355655670166016e-01 -8.379717469215393066e-01
-3.995976448059082031e-01 -1.496764183044433594e+00 -8.000436425209045410e-01 -2.056167721748352051e-01 -4.223732352256774902e-01 -1.002491235733032227e+00 6.383270025253295898e-01 1.153188228607177734e+00 -8.356101512908935547e-01 7.424505949020385742e-01 6.426025629043579102e-01 -1.124833002686500549e-01 -2.596991956233978271e-01 -1.309342861175537109e+00 8.256537914276123047e-01 -7.685891985893249512e-01
-4.127180874347686768e-01 -1.441977858543395996e+00 -7.911481261253356934e-01 -2.650802731513977051e-01 -5.282586812973022461e-01 -9.405932426452636719e-01 5.108500123023986816e-01 1.193173408508300781e+00 -6.851923465728759766e-01 7.160658836364746094e-01 5.332511663436889648e-01 -1.255553513765335083e-01 -3.736346364021301270e-01 -1.341327905654907227e+00 6.746316552162170410e-01 -8.516367077827453613e-01
-4.215504527091979980e-01 -1.667800068855285645e+00 -9.263309240341186523e-01 -2.755784094333648682e-01 -5.633397102355957031e-01 -1.072214245796203613e+00 5.401285886764526367e-01 1.294993400573730469e+00 -7.062880992889404297e-01 7.645663619041442871e-01 5.935785770416259766e-01 -1.952044516801834106e-01 -4.071642160415649414e-01 -1.507196903228759766e+00 7.451879382133483887e-01 -9.756138324737548828e-01
-4.021774232387542725e-01 -1.512153983116149902e+00 -8.348273038864135742e-01 -2.239702194929122925e-01 -5.187917947769165039e-01 -9.817342162132263184e-01 4.703102409839630127e-01 1.172697782516479492e+00 -5.832060575485229492e-01 7.064675092697143555e-01 4.795828163623809814e-01 -2.186421006917953491e-01 -3.804313540458679199e-01 -1.367213129997253418e+00 6.090649366378784180e-01 -8.630452156066894531e-01
-4.351988434791564941e-01 -1.528921604156494141e+00 -9.068335294723510742e-01 -2.036486119031906128e-01 -5.546043515205383301e-01 -9.916199445724487305e-01 5.189960598945617676e-01 1.245137095451354980e+00 -6.614596843719482422e-01 7.717440128326416016e-01 5.687679052352905273e-01 -1.615181565284729004e-01 -3.823145925998687744e-01 -1.451692819595336914e+00 6.948522329330444336e-01 -8.609436750411987305e-01
-4.278282523155212402e-01 -1.938707470893859863e+00 -1.091430187225341797e+00 -2.576017081737518311e-01 -5.538196563720703125e-01 -1.273712277412414551e+00 6.797813773155212402e-01 1.429906606674194336e+00 -8.618343472480773926e-01 8.944421410560607910e-01 7.644535303115844727e-01 -2.245002985000610352e-01 -4.045262634754180908e-01 -1.762021660804748535e+00 9.393231272697448730e-01 -1.078040719032287598e+00
-2.985978126525878906e-01 -1.699550986289978027e+00 -7.995175123214721680e-01 -2.328487187623977661e-01 -3.524674177169799805e-01 -1.131130337715148926e+00 6.279628872871398926e-01 1.153068184852600098e+00 -7.987889647483825684e-01 7.197848558425903320e-01 5.460247993469238281e-01 -2.532996535301208496e-01 -2.239725887775421143e-01 -1.338811874389648438e+00 7.807961106300354004e-01 -8.654184341430664062e-01
-2.975906729698181152e-01 -1.597221136093139648e+00 -7.395344972610473633e-01 -2.065069377422332764e-01 -3.679956495761871338e-01 -1.039615273475646973e+00 6.159887313842773438e-01 1.089694499969482422e+00 -7.942319512367248535e-01 6.837539672851562500e-01 5.484106540679931641e-01 -2.160467803478240967e-01 -1.812895387411117554e-01 -1.269051074981689453e+00 7.626364827156066895e-01 -8.001581430435180664e-01
-3.121954500675201416e-01 -1.554565072059631348e+00 -6.747820973396301270e-01 -2.276159971952438354e-01 -3.451333045959472656e-01 -1.014606356620788574e+00 5.733147859573364258e-01 9.758861064910888672e-01 -7.611410617828369141e-01 6.239023208618164062e-01 5.186135768890380859e-01 -2.200773358345031738e-01 -1.740200966596603394e-01 -1.206334114074707031e+00 7.257685065269470215e-01 -8.137903809547424316e-01
-3.360206186771392822e-01 -1.692277073860168457e+00 -8.631080389022827148e-01 -2.106700390577316284e-01 -4.174525439739227295e-01 -1.109928011894226074e+00 5.925718545913696289e-01 1.196813821792602539e+00 -7.307758927345275879e-01 7.288002371788024902e-01 5.220457911491394043e-01 -2.716570198535919189e-01 -2.739759981632232666e-01 -1.372450113296508789e+00 7.557839751243591309e-01 -8.777086734771728516e-01
-3.643852472305297852e-01 -1.621672153472900391e+00 -8.519920706748962402e-01 -1.836753785610198975e-01 -4.312122464179992676e-01 -1.075252652168273926e+00 5.659558176994323730e-01 1.175282478332519531e+00 -6.853511333465576172e-01 7.235346436500549316e-01 4.684569537639617920e-01 -2.778282761573791504e-01 -2.800393998622894287e-01 -1.320879817008972168e+00 6.894978284835815430e-01 -8.441081047058105469e-01
-3.786531090736389160e-01 -1.783976554870605469e+00 -9.603409171104431152e-01 -2.074816673994064331e-01 -4.691813588142395020e-01 -1.182166099548339844e+00 6.266905665397644043e-01 1.325429797172546387e+00 -7.389018535614013672e-01 8.159115910530090332e-01 5.653384327888488770e-01 -2.877829968929290771e-01 -3.225390613079071045e-01 -1.509361982345581055e+00 7.843907475471496582e-01 -9.332855939865112305e-01
-3.423875272274017334e-01 -1.732372760772705078e+00 -9.031336903572082520e-01 -1.713866591453552246e-01 -4.215934276580810547e-01 -1.162816882133483887e+00 6.491259932518005371e-01 1.275889873504638672e+00 -7.772962450981140137e-01 8.035518527030944824e-01 5.843235850334167480e-01 -2.679803371429443359e-01 -2.695226371288299561e-01 -1.475615978240966797e+00 7.998459339141845703e-01 -8.699918985366821289e-01
